20.75 23.5 40.0 
21.5 22.75 40.0 
20.5 22.75 40.0 
20.5 22.75 40.0 
21.0 23.25 40.0 
20.75 22.5 40.0 
19.75 23.0 40.0 
20.75 23.25 40.0 
20.5 23.5 40.0 
20.75 23.0 40.0 
20.75 23.0 40.0 
20.25 23.25 40.0 
20.75 23.0 40.0 
21.0 23.75 40.0 
20.5 23.75 40.0 
20.0 23.25 40.0 
21.0 23.0 40.0 
20.5 22.25 40.0 
20.75 23.0 40.0 
20.25 23.0 40.0 
21.0 23.0 40.0 
20.75 23.25 40.0 
20.75 23.25 40.0 
21.25 23.75 40.0 
20.25 23.5 40.0 
20.0 23.0 40.0 
20.5 23.75 40.0 
20.75 23.5 40.0 
20.0 23.75 40.0 
20.75 23.5 40.0 
20.5 23.0 40.0 
20.0 23.75 40.0 
19.5 23.5 40.0 
20.5 23.0 40.0 
20.5 23.75 40.0 
19.75 23.25 40.0 
19.5 23.0 40.0 
19.25 23.75 40.0 
20.75 23.75 40.0 
20.5 23.5 40.0 
20.75 23.25 40.0 
19.5 23.75 40.0 
20.5 23.75 40.0 
20.5 23.5 40.0 
19.5 23.5 40.0 
20.0 23.25 40.0 
20.75 23.75 40.0 
20.75 23.5 40.0 
20.25 23.75 40.0 
20.0 23.75 40.0 
21.0 23.75 40.0 
20.5 23.25 40.0 
20.5 23.75 40.0 
21.0 23.75 40.0 
20.25 23.25 40.0 
20.75 23.5 40.0 
20.75 23.25 40.0 
21.0 23.75 40.0 
20.0 23.25 40.0 
20.25 23.5 40.0 
20.75 23.25 40.0 
20.0 23.0 40.0 
20.0 24.0 40.0 
20.75 23.5 40.0 
20.0 23.25 40.0 
21.0 23.25 40.0 
20.5 23.5 40.0 
20.5 23.5 40.0 
21.0 23.75 40.0 
21.0 23.75 40.0 
20.5 23.5 40.0 
20.5 23.5 40.0 
20.25 23.75 40.0 
21.0 23.75 40.0 
20.0 23.25 40.0 
19.75 23.5 40.0 
20.5 23.5 40.0 
21.0 23.75 40.0 
20.75 23.5 40.0 
20.0 23.75 40.0 
19.75 23.75 40.0 
20.5 23.25 40.0 
20.75 23.25 40.0 
20.25 23.5 40.0 
19.75 22.25 40.0 
20.25 23.5 40.0 
20.25 23.0 40.0 
20.5 22.75 40.0 
20.0 22.5 40.0 
20.5 22.75 40.0 
20.5 22.5 40.0 
20.5 23.0 40.0 
20.0 23.25 40.0 
20.25 23.25 40.0 
20.5 23.0 40.0 
20.0 23.5 40.0 
20.5 23.0 40.0 
20.0 23.5 40.0 
19.75 23.5 40.0 
20.5 22.75 40.0 
20.5 23.0 40.0 
20.75 23.5 40.0 
20.5 23.25 40.0 
20.25 23.25 40.0 
20.75 23.25 40.0 
20.0 23.25 40.0 
20.0 23.25 40.0 
20.75 23.5 40.0 
19.75 23.5 40.0 
21.25 23.75 40.0 
20.0 23.25 40.0 
19.5 23.5 40.0 
21.0 23.25 40.0 
20.5 23.25 40.0 
21.25 23.5 40.0 
20.25 23.25 40.0 
20.5 23.25 40.0 
19.75 23.75 40.0 
19.75 23.25 40.0 
20.75 23.75 40.0 
20.75 23.5 40.0 
20.5 23.75 40.0 
19.75 23.75 40.0 
20.75 23.0 40.0 
20.0 23.5 40.0 
21.25 23.25 40.0 
20.0 23.5 40.0 
21.0 23.5 40.0 
20.25 23.75 40.0 
20.25 23.75 40.0 
20.75 23.5 40.0 
19.75 24.0 40.0 
